       474     67.15       376       296    367.11   -345.94      -272       270     91.72      -202
      -356    259.12       -56   -413.23       150    195.66    373.42    -11.13       140       452
   -203.60        24    305.50      -404   -467.72      -126       162      -178   -143.36   -423.94
      -124        90      -120       328        54      -282   -491.64   -229.34   -443.45    451.60
        60     75.66    349.59   -119.59       188        84      -112    343.33      -336       230
        76    389.53       194    477.84   -155.63       228       -60        70      -496      -456
      -454    431.16   -373.59   -489.29   -417.74       162      -130      -154         0      -248
    273.92       232   -185.46       214   -127.49   -449.59   -429.82   -361.70        44   -115.72
    237.95       296       -26       444       142   -231.20   -299.05    149.45    175.65    295.61
      -232   -177.77     35.31       408       116      -346       478   -257.99        -4      -164
   -393.14   -201.14   -129.53     27.97        18    381.65       -56      -340    253.13       320
      -270      -146    339.12       126       296    179.01       394       198       184    311.44
       192       258   -281.45       110    301.01      -256    451.88      -406       -74        20
      -316   -219.27   -151.10       380   -403.63    397.49       -54    -31.41       364       -12
      -436       -16      -314        74   -263.05      -284   -397.79   -371.50   -459.31       250
    139.86    235.02       150    -51.11       236        58        92    143.27      -312      -106
       -64   -155.53    343.36    345.81       224      -376      -420       456   -261.38    263.03
       162   -113.94    279.44    211.55    -19.69    127.01     49.81    351.77      -258        52
    357.51    105.25   -305.40   -457.22   -195.31    433.78      -408   -167.25    349.46   -129.90
   -365.77      -294      -374       312      -114   -363.01      -310       -46   -307.36      -470
       -78       372       -14   -275.33       168   -473.53    -67.54      -430    315.86        98
       328    -63.42       412       406       248      -258       134    -95.98       -28   -323.87
   -133.94        68       -86    111.55       -88    387.34    305.13       330       384    -11.71
      -326     63.13       152    395.19   -249.82      -426      -220   -159.87       292    405.93
   -185.64   -469.93    449.26    241.93    -85.33    281.28      -282       252       230       -26
    251.25   -277.95       206    343.61    263.21      -280    453.11      -246      -480        48
   -385.42   -321.78    491.18   -223.14       238   -153.26      -452       146       482    159.46
      -324   -191.54       136   -279.12      -376       -92      -180      -398     27.88   -303.37
       428       224     21.22        58      -130   -407.29     93.66      -494      -146       -68
       454       -14        72   -301.76    -35.06        74       388    329.11      -214    -17.30
   -239.83   -459.60    237.24        84   -491.01       476     19.20      -398    179.13      -494
      -140    425.47      -308        10      -140        40      -296     81.90       292    -85.21
       104      -366    383.31   -219.08    321.26     89.41   -367.52      -300   -271.73    455.46
   -405.52      -106      -256    291.98      -388      -100       360      -180    -89.22   -281.11
   -253.68    159.63   -361.76       302       244    497.96   -141.95   -145.47      -426   -223.59
       282       198    279.70       378      -488   -349.04   -483.57       150      -132   -355.32
     53.98        22       470   -353.75      7.44       430     85.15      -258       148   -271.98
       394   -361.89   -173.57   -219.80   -221.76      -264    457.91       -30       394       332
    271.46       -80       322        14    485.59       348      -184      -240       388      -420
       250       304      -156    433.67       180       -98      -394    383.15     31.21   -353.02
       426    117.70       346    217.01       380      -104    177.06       -38    -17.29    367.02
       160     13.13   -313.23      -138     69.74    269.47        54   -499.25    127.85      -152
    465.90   -133.94       180   -111.26      -484    371.36    -93.67       404       364       -56
      -410    167.24       168        78   -359.68   -453.81    375.89   -133.83       -42   -425.75
    131.81        94    431.09    457.66    217.84       138    379.36    213.23        -6       -70
       474       104      -442       -68   -247.52     73.66    -63.02   -279.59      -350    423.64
    422.00       472      -404   -411.89    335.65    359.71   -397.11       -50       392      -352
    461.93       310      -484        60      -406      -188       438   -197.14    363.81      -214
   -323.99       474      -338       300       476        20   -133.08       -86       182   -259.38
      -122    435.95     15.96    357.87   -235.21       400      -296    105.71   -270.00       234
    471.90   -189.52    493.56     81.92       -74    -17.65       -78   -379.57     11.88         0
      -302    207.88   -205.25   -419.51    115.79       158        18      -154      -396        -4
   -457.96    489.68    423.13        68   -473.26   -287.71    119.50     19.70       -70   -159.14
      -352    195.63    221.04      -194      -188    253.51       466    -73.24      -406      -110
      -142      -198    171.01   -167.98   -447.38    409.75       -34       -20       190       -24
      -164   -151.26      -216       496      -366       286      -234    331.41      -328      -244
   -125.99      -294    321.57    361.23    165.15    479.44   -127.04       180    -57.42    113.44
    -23.62    401.63      -436       276   -499.97    231.16    111.30    201.37       380      -478
   -313.45    477.75    103.29      -400   -343.98      -318      -226   -171.18      -484   -103.38
       352     31.49    173.66       -60   -475.84     -1.77    349.88      -156   -173.34       -12
       490    -39.62    143.07    277.26     55.58   -167.88    377.78   -453.51    287.14      -118
    161.27       122   -383.60   -189.51      -274   -121.40      -346   -465.01   -331.58       -98
    321.41    429.27       194      -144     61.34   -379.99      -458    361.35    193.92     89.52
      -244      -396    463.27       382      -350      -210   -493.07      -218   -217.70     81.51
    497.46    -75.26      -428        78    483.33    -35.81    171.73       -18        20      -466
      -390       112   -471.73     -5.16      -240      -462    437.84   -353.70    137.14       194
      -408   -145.88    171.88        40      -438       338   -441.68    429.00      -492    179.10
      -468       146    -43.19       462    427.67       268    411.02   -147.04   -319.09       272
     11.38   -181.92      -498      -340      -426   -343.02      -176      -338    193.06       -26
   -235.19    481.36    265.27   -261.38   -243.36    -71.54    221.11      -370   -285.88    213.12
       478      -100        90       154    123.28      -354    435.57        32      -378    -43.73
    127.13   -157.35    401.26       112    259.50      -226      -472      -318    303.72       304
      -222     99.28     29.02    447.13       368     73.89       356       296       244       -52
    267.01    253.86    333.27       -36      -376       -36       394    251.89   -223.21    293.45
    161.64       210    139.25    417.24       242    -99.92    461.51    401.18   -121.12        -8
    439.64      -492        22      -200    397.64   -191.25       336       -62       224   -393.25
   -313.51       172    447.46      -430    399.35    121.30    303.01       474     55.33   -449.30
       -54       -62   -117.22       150       468      -486   -127.34   -155.98       246       146
      -418   -131.20    225.49     -9.87       214    111.28    163.69       276     -7.95    419.25
      -484        32    -15.13    -81.21   -409.40       146      -422      -322      -134       472
    471.36    409.07      -162    435.70   -333.77    301.91      -392   -153.26    177.63    461.37
    465.03       458       338       -88     89.63    127.46    411.46   -427.51      -342    303.66
      -104    139.95        26        -4    347.41       336       410    257.54      -240   -427.39
       414      -274      -462   -345.78        82      -274       -98   -179.03      -342    -11.05
     95.77     45.52        76        72       146    235.93      -174       164     19.08      -296
      -292     89.96    -51.98     15.82    191.81       -54    383.99       156      -474     19.50
       492   -287.72    477.65    323.88    375.31      -316      -364       330    215.06       388
       446       274    379.01      -160      -200   -307.96     81.95    -69.17   -227.93      -310
   -391.00   -257.57    353.71   -169.91    243.95       276    325.97       390     -9.21    -11.01
       230       210      -104      -454    313.29    281.28       274       324   -387.53      -258
    445.10       348   -101.08       -40      -398       456        12    -65.51    345.27   -237.78
       244       350        -8   -365.69      -190    215.89    173.76   -269.97       116       184
       484   -129.09      -476       332   -179.78   -107.01       464       374      -104    -53.88
       376        40      -128    103.69   -349.34      -374       416   -441.51    -97.26      -484
      -452    127.06       216   -173.12      -464       262      -328    187.14   -223.68       282
       366     53.75       -16     65.17       380    -75.30    271.75        28      -434       240
      -290      -182   -125.96   -225.74      -306      -246    -79.10   -159.27     69.89      -228
      -136      -312    251.47    257.42    247.59        48   -259.04    -65.33       384    -67.56
    341.47   -299.69     -9.96    383.52     47.50    107.36    275.64       126     69.68      7.40
       398      -280      -300      -278       224     85.65      -244    -11.83   -371.95        64
       152   -135.95       146    -69.02   -237.32   -325.41   -333.82   -333.57        60       120
       -50       140       262      -368       252    247.68   -445.47    103.93       -38    491.40
   -235.47       242       196       452       306   -191.21   -445.09        84   -475.99    227.98
   -241.52   -193.47   -385.35    167.81      -240      -110       168      -106         0      -228
    -29.58    435.21      -108   -499.99    139.01   -131.62       264      -308      -160    279.98
    489.29     51.38   -197.48       338       200   -277.64      -378   -283.61        86    477.83
    319.38     17.09    -15.35     31.50        20       250   -383.85   -439.72   -373.08    375.21
   -343.06      -136    289.72   -126.00    465.16       452       128   -133.42   -271.80    265.76
        74      -222       484   -371.15    -59.28    165.52    467.65   -447.50      -164       -78
       474    441.09   -211.11      -336      -466   -181.10     61.15   -159.65       -64   -267.78
    -89.69   -265.76   -145.77     73.57   -245.19    299.54    119.80       192      -448   -489.49
    -75.07   -195.09    -93.41      -298      -326       400    -87.99    193.76    -77.96        48
    -65.70    355.63       392   -251.52   -363.67    133.34    303.60       268       308        -4
      -108   -325.82    191.59    189.46   -199.17      -368   -161.11       176    211.49    -83.74
   -261.08       130    -37.19    463.35       338    421.56      -348   -287.06       340        68
   -335.93     -7.36   -353.19       262    367.28       146      -400    187.56    235.27      -340
    229.25      -468   -487.70     73.60        86    269.78    127.19   -415.36      -176      -444
    -35.82    327.20    141.04   -231.26       268        -4   -137.57    115.39    -83.73    141.56
    -95.26       440   -475.32   -307.59   -361.58       308   -127.53       -18   -323.76   -221.57
    -73.16      -144    439.01   -311.43      -170       224       -58      -232   -433.84      -228
       120       310      -318    383.13      -324      -302       328    289.13   -153.77      -430
       134   -191.39   -243.53        44      -128        70       -40       -52      -340        74
   -395.08   -311.30      -496    -37.46       214        60    277.88       468       378    -55.46
      -116        38   -157.83   -375.57       210       298       330       182   -313.14       146
       164    225.85   -329.27    -55.64    181.93     31.06      -336        14      -260        24
    345.82      -154      -410    423.70   -263.55    237.03       250      -236       344      -122
     77.70    -17.64        58   -291.36      -376      -278      -350   -203.25        20      -496
    183.42       316        84       480    359.69      -298   -481.26      -458   -241.94    -35.50
    135.86      -360    253.97   -305.95       276       352       408       242   -331.64      -140
       468       198   -175.52   -309.81   -283.70       304   -307.65   -143.62    315.19      -392
   -315.91       218    449.83   -221.23       398       230      -468       216       320   -459.20
       466   -233.77      -470    259.19    495.97      -378       -14    101.59       -64       256
    277.70        30    189.92     39.59      -204    457.10   -195.59   -483.15       192      -454
    -49.93    223.21      -360      -320      -348       274   -191.92   -327.72    287.07       -72
   -227.64      -106    357.61      -240    -31.10        74    311.44       108    185.49       192
       232    -71.11     81.38    499.98      -450       306     99.54       456      -472    421.95
   -245.67     57.38    187.16      -106    185.49      -196       482     87.14      -442       350
     19.69    131.97       354   -305.96       316       126      -130   -389.11   -345.68    239.38
    219.77    -63.12   -169.01    187.23        36       206      -260      -104   -431.51       100
      -472    -45.37    313.96       142       260   -117.54       456        82       406        78
    319.12       452       192   -193.93   -239.52      -152   -151.38       484    -41.02   -407.29
     29.77        80    287.14      -422    249.97    395.79        62    225.57     -1.43      -374
   -203.76   -257.39    311.85   -373.80    187.61        22    -31.39    -35.24      -476   -143.99
       150       -32       324    361.73       360      -336     57.37      -102   -365.69      -268
    471.56        48      -418       304      -332      -322      -388      -238       300       444
      -232    433.94    429.29   -365.27       -64       494    391.27      -374      -116    179.58
   -255.69      -176       448   -135.77      -248    449.87    447.95    471.65    105.23    103.70
       336    139.11      -402      -324       426        66       200      -232      -488        -6
      -378       484     83.30      -190   -293.35       128       -66       384       212     67.73
   -183.52   -169.65       370      -184        36        50    353.34       128       268      -386
    219.99   -227.50      -344      -298       176       444       246       130        10       228
    133.22    205.68    385.43   -129.42    231.95       482    249.93    129.98       498    355.20
        30    393.95   -473.72      -264       396      -196      -108     15.07       348       144
       304    -97.39        88   -163.37      -364   -273.74   -353.87       468    119.79       246
    489.15    441.52      -378     79.22    449.74    459.16      -354    365.26    103.34      -194
    -87.71    423.79       390      -440      -316      -268      -334       174   -273.39      -268
      -450       130      -274      -354       -64      -316       216   -319.87    237.67    105.60
      -388      -226   -483.12       176   -303.43       266       428    107.76        54      -262
     23.74   -467.21       228      -468       320      -334        82       420       216       240
   -263.18       196   -251.43       400   -329.27    -45.71       -64    233.50     47.40       284
    421.24    321.72    109.72      -442    -55.20       232      -476     49.55    201.36   -401.13
      -116      -314        20       108    201.31      -234    -93.24       446       100    173.93
   -107.42     11.02   -411.89    203.30    351.87        -2   -235.38    313.50      -120    271.24
      -466   -141.07      -396       302    411.07        56       320    329.96   -169.25       246
      -328   -187.32       -98      -206       146       198    465.84      -172       112      3.53
    413.24    381.89    191.40       204   -337.25    383.99       262        -4      -102    389.80
     91.16        22       146       -82     71.99       312      -440   -279.70   -133.98    253.95
    277.78       370   -225.08    149.89       126     77.37   -463.93        46    -29.83      -246
      -148      -208    -45.03       -44       366   -481.80   -447.92       484        14        40
       248     97.43      -410    -15.37       -18     11.80       194      -196    -67.78      -390
      -294    243.70     73.53        34      -260       204       -32    177.75      -302    423.31
      -344   -115.14       304      -146       130     77.34   -219.28       144      -200      -100
       156       154   -443.28       -88   -493.31         4   -441.95   -173.11      -136   -219.02
   -423.25       276       340      -364   -155.53      -390   -405.62      -312   -373.34      -204
     51.19   -165.37    385.47        86       498       304    275.92    201.70      -490   -463.60
   -105.63    453.97      -114   -219.39      -348       430      -250   -389.86   -119.59      -474
       190       406      -202      -108    383.31   -247.16   -247.23       132    -73.93      -402
      -248       380   -279.05       -26    129.84       218    119.41     69.65    374.00       306
       192       424      -486       436    -67.49     79.74       222    191.14       -82      -414
   -259.76       342    455.99   -137.37     -5.27      -384      -472        50   -135.52    465.27
   -109.61      -354       330     71.38      -426       424       392      -148   -409.86   -131.66
        12       394    135.42        84        16   -119.17   -307.44    481.43      -154      -268
    467.36   -195.81    273.50       430       304       464      -252    229.63      -220      -496
      -232      -304    469.60       -70      -156      -116      -492   -381.62      -108       242
    387.85    449.17      -402    241.61      -334      -148    187.86        96      -388    479.73
    255.11       -96       126    305.26      -234       -46    189.65        16    153.59      7.83
       -64       250       440   -197.93       -18   -147.88   -335.34    147.56     -3.81     35.75
       494      -450   -383.18     75.78      -184       402      -270      -110       228    455.29
      -180      -318   -127.25    437.12      -440   -375.90   -291.65    433.14     71.36       424
       416      -154    309.44       484       370   -445.04   -161.54    297.77      -294       196
   -125.15      -338    393.74       306      -170       262       346       458      -248    207.34
         2    417.76        12       104   -421.97   -245.46       282       370    103.11    341.12
       362   -443.11      -318   -365.46   -291.39   -405.50       -80      -322      -444        54
       318       306       382      -312   -461.01       134     97.62      -242      -178      -482
      -268    -77.67      -472   -179.67   -409.81   -275.72   -265.70        32      -170     59.40
        18    -53.89    123.73    353.64    121.82   -111.26      -336      -442       -54       252
        10    485.66    445.99   -117.44    449.56       470    319.27   -277.67    333.79   -217.12
     39.73       -32      -402   -219.24   -281.41    405.16     35.10    273.82       462      -484
    165.14    187.05    397.14    407.43   -487.73    187.06       276   -379.39       -96   -419.56
   -329.61       376       -48       454        20       -98       242      -270       492     37.37
   -137.50   -485.21       428       478      -186    -77.51    381.27   -397.11      -450    289.66
    167.64     81.40    351.70      -436       106    119.95    475.73       472      -362       466
     85.21     -9.79      -204     71.67   -245.28       496   -389.16      -406    -52.00      9.28
    365.14      -200    241.54      -178   -247.02    247.59    223.93      -102    455.48   -435.19
       -60       410    309.07        52    463.20      -112    251.08       308      -300      -472
       486        64      -228    377.03   -129.25    439.84    437.52       240    325.00    389.62
   -181.67       374    225.55    201.25    333.28    249.69        82      -492       164    -65.34
      -492    445.12      -254       -74    429.04    259.81   -249.30   -417.29   -277.86   -125.66
      -196   -315.13       -18      -322      -344       -14       -84        70    -87.64        84
       -42       100    457.74       370     21.98   -125.84      -374       256        -2       272
      -192    453.99    475.54       -66   -371.27   -429.65    425.03    357.52     57.28      -132
      7.40       486      -212      -350       492     71.72        42       354    283.47   -301.67
       498    115.44    389.90    363.46       364    225.78       294       112   -195.12      -302
        56       340   -229.94      -162   -341.46     35.60         6      -422        74    385.06
    483.16     91.97       244       -70   -273.06    111.10    191.50   -359.64   -427.11       212
      -218       110   -321.72       284    239.35       324   -281.25       304    355.71    339.02
      -426      -438   -497.34   -453.62       -36       444       -36       108    -69.46       -26
      -190      -418       300       312      -470   -303.19      -278   -395.92   -113.04   -217.93
    203.27   -383.46        40       302    109.88      -170   -241.24      -420       426      -186
   -279.23      -170   -273.41    -43.97    231.16       258   -305.06   -124.00    397.45       140
    227.36       124      -258       448    119.19    121.62       466   -163.55        90      -382
    111.36      -474       432       342    127.38      -112   -117.84    -53.58       -14    365.12
       404   -247.86   -211.27      -322    467.44       342     -3.10    133.38        24    495.33
      -190    283.37      -122   -463.79    -65.82     63.17       300      -270       -18        44
      -184       -44       458       404      -220   -469.64    421.38   -247.73     25.41   -287.00
       142     -7.75    125.51    121.55   -227.17     17.80       -16        20   -121.68    115.77
       362    191.38      -116      -364      -350    -97.29       -70   -355.61      -376       290
       370        10    243.36       348       168      -412   -489.28      -426      -274       -34
    269.76       262       284   -461.95    403.91       374      -118    493.69       264   -135.75
    -11.00   -311.16       324       396       386    273.52       -12    401.84      -478       362
    199.29    483.33      -388     11.78     27.01    311.45       -30       248      -382    259.09
      -360    -67.26     53.95       204    199.74      -216       438       122      -252    -21.83
       176    309.35    439.50    375.82      -164    353.66   -347.24      -464    139.49       244
      -218    405.54   -363.50       338    -85.25      -240       324    257.10       158       196
        44       164       172   -193.69   -215.84       300   -439.49       400    101.27        86
       112      -456      -218      -414      -450       490    479.36      -368       336      -448
   -453.20       472       330       290    455.95       320   -467.86    491.26       242      -146
       -58   -249.36    165.53       292      -382       140       342    385.19    319.56       394
       478    305.79   -247.85   -321.06    -93.10    201.69       308    139.56    101.97   -107.71
       396     27.39    473.34         4   -133.63       430      -244   -345.15      -188    317.73
   -461.88      -362        20   -133.09   -487.07    -31.57   -335.55   -199.13      -152      -462
    361.39   -213.99   -341.20   -413.35      -338   -235.33       -28      -314     91.10       470
      -334    -91.83    347.91       276      -108    -61.76    -65.15       -58    127.09    -93.36
      -498   -183.79   -441.68      -128    431.90   -487.63   -246.00    -21.73   -227.84       118
   -341.83      -492    401.25   -443.20   -223.85       210    483.60      -212        52      -436
      -386    177.53    349.81      -172      -252      -498   -383.91     93.41       -42      -284
      -182      -188       308      -124       440      -344      -372       292    -81.13       -38
      -216       300      -360    385.98       134   -167.14    297.21      -112    189.87    311.79
    209.92   -399.58    151.59       246    -95.33      -308       -60       326   -313.11   -187.52
      -496      -276       148    353.30      -296   -207.82      -440    289.41      -180       326
      -122     53.36      -204        84      -332   -471.47   -363.72    325.18   -437.29       -42
     11.75   -299.44        54    281.79        -2    -39.01       252    201.48        54      -420
      3.68      7.71   -183.39      -412    177.28     93.97    -27.13   -387.93    219.06      -120
      -440       374     69.72   -225.33       276   -351.87    385.19   -271.50        10     17.76
      -422      -152   -379.17      -416   -427.98      -448    173.42       150    343.00   -265.75
       240    327.62    209.38    459.06   -413.98       388      -384   -247.84   -469.40   -271.78
      -396    201.99   -417.86       210    477.80    175.19       434   -235.59       218      -360
    289.45       106        48   -223.51      -440      -422    193.41   -205.85       396      -306
       250      -390    169.90       152   -175.97       362    -25.95   -265.61        -8        32
       468      -276    -29.02      -188      -112    253.09   -141.06       224      -164       210
      -372       448      -416    185.92   -319.55      -294    -77.78    255.52    115.89     75.11
    285.79       264      -466      -392      -228      -310   -371.49    125.64   -111.02        68
     65.70   -295.03    365.78       468       100       402        80    437.05       220       452
       272       422   -377.17   -201.67       480      -308      -292      -456       284       368
   -125.50      -378      -172       340      -170   -267.40       228       404       298    420.00
      -490    235.82    497.82       -66    341.06    459.43    -11.25       420    -43.45    341.54
      -452   -155.23   -117.98       406   -483.46    -39.03      -306   -417.53      -308      -394
   -113.02       312    163.35   -441.32     85.75    447.88      -284       232    223.64   -369.22
    287.59       474        60       298      -240      -144    361.21    421.60      -204       -82
       338      -434   -219.56    -21.48   -487.19      -106    -63.17       260       -36       286
      -444       308     61.19   -151.07    -93.11      -102       164   -335.65      -196      -134
    427.79   -151.90    -37.60      -374      -164   -405.15    299.05    409.66      -204    147.85
     39.05      -330       164    353.99     43.84       418       344   -255.90        84   -255.94
    205.86      -116      -122    133.37    -85.41        76      -418      -232    419.41       370
        98    413.51       246    215.89       -14    113.63       470        56       -40       418
    221.29      -404        46   -467.91      -176    473.46       122       358   -243.50      -388
    241.34       108       -88   -453.35       430   -175.12    259.11   -351.21      -214    -97.66
    -79.46    251.05      -402    451.83      -190    355.53       -52    133.22    473.32      -230
      -358       -86       480    231.58   -355.52        52   -255.80       338    187.67      -490
    443.44   -155.29   -469.36   -129.86   -205.14       228       -28   -153.45   -207.75    243.52
        62    377.13    163.24   -455.77       142       364    221.02       382    255.74       128
        -8   -211.11       216      -284       -16      -374       110    327.97    229.58    387.29
      -220       244   -213.76      -354    -75.75      -212   -305.21   -397.13    281.01     85.04
      -472       284       -28      -408        30   -455.52      -474   -387.65     43.58       188
       262    341.77      -158       202   -303.25    265.43    267.48    297.03       364    119.86
      -454      -292        28       -10       468    479.32   -497.80      -462   -277.08    249.79
    453.29   -195.89       476    -91.43    407.69   -493.61      5.28       352   -163.09       246
        48    -25.53   -347.87   -387.70   -219.20       444      -354      -298      -200      -192
       420       210       256    -85.95       138      -134       346      -272       -38   -367.54
      -336        96    437.83   -151.28      -424       188       174       128      -368   -123.36
     73.11      -322       204     31.05     73.84       422        32   -143.81   -155.17       188
        34    105.97        78        14      -184    271.17    109.12   -423.69   -435.75      -402
       374      -400   -377.15       104   -171.90     99.15   -127.06      -398   -193.91       246
       226     83.42    -15.26   -307.00    -75.29   -227.34     25.58       198        60      -496
    209.70       498      -282    125.92   -129.05       440       394        72      -282   -443.24
    -75.12       282    197.75    399.96    -71.50       208       -98    175.11    -47.13      -254
   -365.13    415.46      -156       498    181.23      -280   -443.19        18       -12      -146
      -406       238       -46      -162    443.08   -373.21       262         0    -21.08       264
   -255.36       358      -492       360      -468       100       278   -493.41       -88    389.80
   -379.57       314       116    193.14    481.58       -40       482    345.64    127.33   -473.69
      -192      -408      -100        12      1.57    -73.29       460       290     93.73    167.75
      -300    323.98       450    295.24      -466       462   -371.14      -198       142   -305.85
   -377.11    -45.94   -169.35       316       400   -375.37   -449.15      -386      -476        82
       334      -228    331.70    -51.54    309.94    439.35      -340       330      -274     65.72
       276     -7.19       422       382    305.70    331.52    489.65       170      -348   -197.32
    407.89      -242    107.70       430      -130      -460       150    -21.99      -418    171.03
      -396    383.12   -207.06    -15.78    291.08        96     -5.03   -389.31      -476        34
       210   -237.26      -256    -41.32   -417.73   -395.45       -34       226       490       178
      -318        32       282    -91.49      -218    437.29   -215.77    275.42   -385.19      -270
    185.44    405.17   -209.83       -88      -476    425.88       434    387.98    -13.46    157.77
   -349.13       278    459.49   -101.91      -358     93.51       272   -189.51       498       -74
    -99.33      -298       -18      -282       440   -223.68      -306   -397.08        64    289.97
    -49.95      -200    271.85    -95.99    273.90     53.08   -299.83    -73.99       -88       154
    453.75      -434       -30   -367.99       390      -210   -221.01       330   -417.98    355.34
   -133.53    199.01       200    129.42       496    305.80    427.58      -156        68      -230
      -426     39.34   -209.01        36      -494        70       -32   -311.84   -359.42   -337.68
    -91.90   -247.08    227.02      -264    -51.51       322    355.32      -100    321.78       118
    179.43    253.34      -352   -461.93       106    -65.18      -376   -359.93    303.43    133.72
        96    447.89   -273.76       142        72    -45.51        18       374       360    203.36
        50    193.36   -471.58      -132   -427.51      -198      -492      -180       442       432
   -259.48    281.23       152   -445.75     17.04    293.07    -63.09   -167.67       208       380
      -454       154       -28   -479.66       -76        98        98      -284       376   -147.76
   -379.15   -239.40   -483.30   -259.27       -70     53.95       216    189.25    185.61      -342
     33.04    177.52      5.92    129.86     95.65       -30    -25.90        66       232       184
   -185.35      -322       198        80       180    195.97       230    259.11   -131.82       368
   -215.05   -141.43       -52      -186    249.77      -278   -293.73      -462      -380    -67.13
   -443.76   -479.82   -391.00   -397.18     35.36      -178    443.08      -252   -181.09    353.96
      -378      -342       226     95.07       270    195.78     47.04       214    307.74     47.22
   -357.90       332      -444     67.56       174   -127.50     77.72      -470   -477.88    263.23
   -497.67    237.65   -109.62   -433.01      -194       202    389.17    -31.11     59.77      -200
   -119.47       436       -56    131.41       208   -217.78    385.76   -419.77   -479.95    299.05
      -408    425.65   -233.63    129.83      -184      -276   -379.96   -475.52   -311.05      -430
     -3.98    191.06      -382    293.19        72        12   -281.67     87.92       216   -495.95
        76        78       494   -477.74   -391.17      -144   -483.54      -102      -316        48
    211.85      -136   -273.14      -382      -256    377.15    469.87    141.34    193.14   -303.70
    125.43      -462   -165.40      -154      -224    337.04   -233.19       -44    459.21      -162
    453.67      -214    -23.64    201.37    229.73       136    225.85   -143.32       154       280
    -35.44       340   -309.96       -38    243.67        78      -448     15.93    415.14       458
      -256       172      -474       -46       216    113.32       120    -31.83      -170    459.07
       -38   -413.98       266    -41.49       -66    325.26    367.33      -234    463.07      -406
      -116    377.20     95.55   -445.63     17.14       496    491.74      -290    221.22      -200
     -1.06   -363.49   -335.76    363.98       118       -56    425.12       290   -347.52   -289.54
       -24   -121.91     35.66    373.13      -250   -431.23    397.54       276   -373.13      -254
    169.62   -131.10    -17.78       408   -345.96   -157.61   -459.45      -328      -180    335.93
      -350     29.27      -266   -291.16   -253.97    319.72       466       274   -265.48    379.54
      1.68   -173.84      -304    439.65      -324   -263.86      -126    419.10    -67.06       -76
       144       408      -256       -18       252      -204      -170    343.77    -67.35   -305.81
      3.98    419.87      -324      -462    255.64    285.51    277.85     -1.71       -44   -367.72
      -458   -359.33       454    379.36    417.33     71.55   -387.48      -444   -321.68      -318
       304   -195.92   -299.34    467.68      -252    137.62       280      -164   -425.17    375.48
       480   -267.93       -66     33.26    401.92    -73.66      -458       302       400   -217.99
   -455.20    155.48   -251.64    385.70       228      -450       -78    481.57    123.63    149.50
   -279.81    257.68      -186         2       196      -334      -218    105.53       -54      -380
         0   -129.71      -372    115.63      -462        76   -235.03     49.24    367.61     21.53
   -291.39       244      -246    219.10       400     27.99        -8       194      9.87       486
        84   -381.35      -230       388      -112    273.22       384   -339.20      -402       124
    177.91    205.52        30     65.27      -240   -207.27    -35.00      -250    355.65      -250
     19.56       284    103.85       164    -93.07    465.35   -433.20    379.84      -354      -334
       416      -408       278       440      -242   -485.38       -86    417.91   -159.12       172
    467.86     59.59    -31.10        46    295.50       440       250        32     19.04    269.53
    491.59      -156       258      9.72   -103.18      -200   -369.87        86    473.98       200
       342   -131.11       -26   -181.82    -53.35    315.65       -32    387.85       328       -88
    197.90    369.46   -195.48   -187.25      -372      -340    287.63    -93.62   -251.90       380
   -165.27      -158   -461.85    357.39   -469.56       -52    159.91       392      -410    355.67
      -108        -6   -239.48      -420     29.47      -214   -399.80    259.51    489.82       430
    -45.93   -221.21      -380   -485.05     27.01    -23.69       292   -453.88   -243.62       244
   -285.54   -139.82   -189.23      -120    479.70        12    429.01   -321.47    329.75    -53.43
       486    411.95   -235.50     55.20      -366      5.65       110     37.70     71.47    -49.96
       -90       344      -416   -281.41      -472      -144   -319.69   -257.94      -314       370
    359.33      -206       218       430   -209.96       474   -259.05       -42    407.02   -135.48
     59.80       238       302    289.72     97.94   -227.57      -482   -397.95      -164   -377.10
      -178    321.01       256       -24      -180    481.58   -417.45      -236      -196        58
    127.49       380      -438       388    -27.52      -312       490    113.34       258   -239.18
   -261.46   -249.16       322        84      -212       202        90    169.99      -176       132
     85.09       -76       494       406    205.15       418    159.72    495.36    -91.59       128
      -454        36      -208     77.47   -215.76   -447.99   -373.73   -181.09       184      -348
   -199.42      -362   -269.22    -83.49      -236   -141.48    209.52        74   -483.16   -291.18
     85.29    -15.22    411.85   -265.75   -275.06    437.97   -487.08    383.35       336   -259.42
   -429.00      1.34     39.50   -391.41    213.72       142      -194       -72    303.55      -190
   -367.84   -469.47      -458    -59.45       186    275.34       300       258    341.93       322
       364    333.80    485.91   -267.82   -291.73   -407.85       192       184      -276      -200
       -98   -123.04    305.67       480   -487.46    435.87        52      -390       408    -29.44
    393.79   -107.55    259.39       248      -120      -106    113.53       326       -18       320
   -289.63      -110      -284      -228      -366    -51.17       120       354       -72      -448
       108      -318     61.08      -380       494   -141.82   -339.72     63.65     95.80    285.73
       282      -110      -408    257.27      -410        78      -488   -421.71      -308      -342
     79.64      -308        84      -472   -121.21        78   -415.80       272    215.41        30
      -132       424      -132    235.40      -232    363.18    395.16        10       262       330
      -478    425.05       168   -169.03       188         0       -74        40   -251.17       166
       478      -308       454    137.79       220       324      -222       438    117.13   -283.02
    391.82      -144   -339.27   -237.50      -428    221.51        52     61.50      -384     39.95
     51.51        22       406   -347.33       264    317.83   -391.70    331.56    275.88    121.13
        96       408   -123.11      -308       146    317.79      -142    493.45      -418    209.64
       258       238      -450      -374   -275.22    -55.56      -138      -436   -383.70    349.88
      -154       164   -169.26   -213.15       482       136      -130    -59.84    203.91        26
   -457.82      -260        66    367.91   -157.60        10       236   -203.81       -44    401.18
   -411.67    225.34        56   -455.23      1.51       272   -449.78       362    391.08       210
      -338    -77.07   -171.28   -139.33   -157.53       280       148      9.91    285.99       292
    291.87    131.30    -55.86       472    255.78    405.26   -151.97   -409.11    -58.00       310
       192   -149.55    361.19       338      -394    163.47      -358   -303.10       256       268
     27.26    245.31       -16       160      -402    257.32       386   -415.14      -272     45.56
    -31.71    161.27       444       -82   -297.28        18   -337.75    415.33     95.06   -281.96
       -24    289.82   -293.36      -386       110    221.17       318      -248    355.75   -157.83
    399.55   -133.67    293.85       244       304         2    -57.42      -226   -313.08      -142
       -24      -422    -77.71       -34        30        86    -29.64       424    259.25    311.55
       -24     19.32    141.47      -382     89.45    211.48    327.27       412       456      -338
      -308     27.95     23.45   -341.37        68   -107.61   -135.67     75.80    147.56        12
        12       244      -160      -326       354       444      3.99    219.80     11.59   -451.48
      -184      -238   -217.70      -284    193.99      -350   -371.61       -48   -331.09      -384
   -101.42   -247.19   -229.41      -472    -29.92        40      -470   -163.34       252     71.56
       -38    -97.56        44        32    469.38      -440   -427.43      -404       -56       488
      -366      -216       -32       172   -325.40    123.13       -64    485.48   -199.41       204
        90       246       166       456       452       396       432    145.67    351.25   -197.83
    497.16       368      -170        88    491.12     59.13    473.77    291.35       132   -139.65
       346      -396      -132     25.43      -460    -73.62   -113.66       402      -428       476
     15.84    -59.87    231.93    231.79   -299.54     89.28      -246   -447.37   -237.51    -61.61
       150       -50       404       -90       366   -427.35       -38       370    429.38      -322
       240      -430    161.73        22   -101.87   -105.08    115.99      -134    189.81      -438
       312         0      -390      -494        46     55.42       384    415.08      -492    105.47
      -476      -438       184    487.04    141.50       330     91.07      -390        78       126
   -359.69       452       400   -373.10      -412       400       244       204      -138     27.79
      -392      -294       224       470     87.11      -336      -308     57.84    319.05       460
       284       -66   -201.98       -72    293.26   -471.52     75.74    331.01       396   -157.37
   -147.82      -240       146      -300    315.36       446    107.83    297.89    193.21   -319.41
   -407.62      -368       372   -461.07    337.23   -389.47   -385.38   -133.21      -346       -16
      -154   -423.42      -446   -483.51   -255.71      -432    101.15       206      -138       306
      -218   -299.61       292    379.58       -16      -476        34    145.04   -219.77    131.15
       474    -69.13       100    313.25       144    113.87       -10       -36   -235.49   -201.28
       142      -222   -179.18   -245.87        98      9.93    399.74      -276       458     29.30
   -225.39       218    329.01     35.01    281.45    435.64   -311.94       -26    353.76       -22
   -219.91    379.32    195.82   -333.84      -278   -391.70    465.08   -165.60    435.95      -336
      -492    149.26      -282   -363.98    143.36    185.56   -317.61   -421.41      -262      -308
    141.93       496       304      -274    429.45     15.29      -310   -381.51        62       214
       466     27.72       188        36     23.65    169.05       156   -309.10       476      -294
   -299.89    449.70    455.75      -350       170    301.64      -474     79.14       -36       -26
       -26    419.98      -204    -47.65       -14   -445.96   -237.49    267.90      -256        20
    177.47    -45.52   -139.57       144     31.91       318      -388     13.86   -455.81    357.15
      -120   -165.27   -325.54    -65.98       356    355.06   -331.92   -387.56      -482   -277.66
      -338       360    119.64       352    133.35      -296       486    129.92   -477.39    269.07
      -352      -458      -364    111.98       468    131.60      -426   -387.34       280        36
   -217.05       260    145.62       182       474    117.44      -164       174    125.61    299.57
      -214      -204       -32       402   -209.43      -478    379.96       372    -51.60    449.96
   -103.15    -13.88       446   -453.44        76   -257.87     69.71       186      -146      -314
    -45.81      -446       100       398    -19.38   -435.23        40       156    387.84      -342
      -152     35.17   -367.56    -65.64