   1.00   2.00   3.00   4.00   5.00   6.00   7.00   8.00   9.00  10.00
   1.41   2.24   3.16   4.12   5.10   6.08   7.07   8.06   9.06  10.05
   2.24   2.83   3.61   4.47   5.39   6.32   7.28   8.25   9.22  10.20
   3.16   3.61   4.24   5.00   5.83   6.71   7.62   8.54   9.49  10.44
   4.12   4.47   5.00   5.66   6.40   7.21   8.06   8.94   9.85  10.77
   5.10   5.39   5.83   6.40   7.07   7.81   8.60   9.43  10.30  11.18
   6.08   6.32   6.71   7.21   7.81   8.49   9.22  10.00  10.82  11.66
   7.07   7.28   7.62   8.06   8.60   9.22   9.90  10.63  11.40  12.21
   8.06   8.25   8.54   8.94   9.43  10.00  10.63  11.31  12.04  12.81
   9.06   9.22   9.49   9.85  10.30  10.82  11.40  12.04  12.73  13.45
  10.05  10.20  10.44  10.77  11.18  11.66  12.21  12.81  13.45  14.14
